0.965467 0.075244 1.322354
0.080510 0.380557 0.025483
0.571901 0.957556 1.196795
0.111654 0.943989 0.545927
0.318167 0.285278 0.262979
0.635235 0.807765 1.232021
0.714136 0.474039 1.559173
0.067686 0.549395 0.085635
0.956460 0.241935 2.022915
0.059426 0.734674 0.286823
0.718367 0.514376 1.380007
0.830019 0.408152 1.993619
0.195899 0.732887 0.922330
0.232304 0.938320 1.276853
0.775472 0.010857 1.334392
0.380558 0.312315 0.498443
0.323089 0.967282 1.514301
0.529166 0.096897 1.055900
0.659720 0.136319 1.921070
0.974602 0.668800 1.671826
0.182372 0.621730 0.437698
0.745454 0.437601 1.796805
0.428285 0.833311 1.825769
0.549940 0.808682 1.310580
0.775114 0.303519 2.272798
0.172989 0.263776 0.042889
0.273481 0.347826 0.198210
0.318894 0.721041 1.398981
0.286786 0.314958 0.206541
0.656247 0.009967 1.272452
0.503304 0.804005 1.464219
0.198897 0.489358 0.183083
0.727799 0.468659 1.613112
0.860266 0.700251 1.717435
0.892861 0.378132 2.038659
0.694438 0.551743 1.183403
0.482203 0.408323 0.956285
0.264489 0.700001 1.098082
0.234801 0.790082 1.367074
0.783133 0.605798 1.303343
0.170657 0.707723 0.695091
0.745407 0.482832 1.576085
0.333264 0.441912 0.399128
0.645775 0.719904 1.036054
0.936854 0.237117 2.078231
0.236906 0.037582 0.020901
0.207234 0.977095 0.970225
0.533513 0.010425 0.706701
0.330002 0.420488 0.377060
0.442299 0.428692 0.764044
0.510166 0.146543 1.071997
0.182681 0.115442 0.017688
0.874934 0.840970 2.010734
0.066596 0.458750 0.038166
0.830430 0.658326 1.507962
0.322899 0.260170 0.257085
0.296682 0.801690 1.730465
0.762587 0.946385 1.549515
0.117744 0.970980 0.520959
0.867782 0.759320 1.916431
0.888216 0.150389 1.895226
0.866427 0.937985 1.727606
0.222473 0.977661 1.049144
0.229661 0.476971 0.216220
0.375284 0.486541 0.543549
0.392884 0.472710 0.584420
0.012951 0.787555 0.195766
0.078726 0.934897 0.406932
0.342051 0.215851 0.274751
0.957923 0.529406 1.467851
0.152388 0.622686 0.353429
0.935574 0.055666 1.275658
0.733547 0.385403 2.004087
0.654036 0.003548 1.222690
0.581239 0.912697 1.285936
0.734130 0.262549 2.234690
0.749308 0.099558 1.868092
0.714828 0.611120 1.106954
0.984727 0.935910 1.438605
0.429820 0.014035 0.266457
0.879797 0.441307 1.811934
0.694484 0.719131 1.156170
0.175800 0.126547 0.017432
0.896731 0.477097 1.657446
0.177212 0.161420 0.023274
0.900216 0.370275 2.049631
0.945145 0.149694 1.765138
0.177625 0.719975 0.774406
0.299823 0.427616 0.304951
0.955791 0.736904 1.886562
0.872201 0.246505 2.235820
0.565464 0.669952 0.906656
0.271648 0.027848 0.032822
0.384476 0.757936 1.661075
0.328998 0.252819 0.268414
0.871748 0.309780 2.246186
0.216247 0.037541 0.015117
0.043768 0.649928 0.147737
0.008334 0.414899 0.012195
0.139350 0.063029 0.005717
0.413783 0.020545 0.231263
0.404274 0.948385 1.644331
0.603505 0.154661 1.723215
0.530848 0.459518 1.061348
0.983201 0.375364 1.767051
0.297079 0.540633 0.461321
0.019857 0.832676 0.230143
0.998147 0.006291 0.876466
0.982472 0.967512 1.273648
0.087738 0.284286 0.015086
0.238050 0.493032 0.251487
0.991442 0.473167 1.466362
0.283135 0.498374 0.345954
0.161715 0.707769 0.651956
0.420067 0.334988 0.689020
0.732974 0.561554 1.242162
0.797333 0.386642 2.079666
0.082153 0.255676 0.011433
0.184785 0.060399 0.011392
0.828254 0.823375 1.923740
0.579172 0.182936 1.626399
0.774007 0.462089 1.717177
0.936229 0.294638 2.108511
0.095159 0.005349 0.001597
0.093012 0.089771 0.003506
0.006754 0.254498 0.003519
0.685789 0.777634 1.277123
0.179600 0.206714 0.033038
0.943225 0.133440 1.691098
0.957775 0.397996 1.791424
0.566747 0.213367 1.574933
0.086072 0.970972 0.385294
0.988746 0.311410 1.888376
0.180835 0.760808 0.932219
0.009204 0.678647 0.116071
0.098539 0.539921 0.109897
0.179422 0.581751 0.315921
0.456259 0.304922 0.877525
0.970273 0.606081 1.512208
0.856719 0.091535 1.648428
0.991094 0.081628 1.294420
0.082445 0.543619 0.095778
0.664246 0.603294 0.992003
0.733880 0.906170 1.560098
0.214266 0.751068 1.100323
0.786669 0.299583 2.286477
0.824819 0.821385 1.912047
0.119739 0.655903 0.339845
0.605513 0.875306 1.294713
0.773257 0.480428 1.628964
0.480038 0.495102 0.829086
0.026170 0.409745 0.015090
0.139369 0.180106 0.015339
0.089765 0.412171 0.035559
0.322079 0.810959 1.841767
0.047870 0.460636 0.030680
0.310073 0.553214 0.521997
0.687816 0.477116 1.484660
0.008750 0.795770 0.188881
0.404072 0.875030 1.897644
0.950380 0.752861 1.927104
0.404621 0.543619 0.671354
0.018949 0.195282 0.002665
0.336912 0.599366 0.736101
0.372514 0.451505 0.516470
0.745832 0.616850 1.192889
0.625346 0.093085 1.633272
0.452586 0.435795 0.799345
0.200999 0.189235 0.039735
0.354239 0.356099 0.421022
0.764660 0.709725 1.402786
0.753779 0.319831 2.223121
0.053841 0.348194 0.014228
0.984315 0.025460 1.004379
0.162661 0.596071 0.312154
0.496836 0.324083 1.113463
0.453600 0.557497 0.760494
0.122315 0.263869 0.021542
0.674675 0.120484 1.909972
0.584451 0.311784 1.636406
0.807820 0.171752 2.099347
0.505602 0.761982 1.323250
0.519838 0.477745 0.979822
0.395011 0.489926 0.597420
0.278898 0.926623 1.575310
0.398855 0.086126 0.299923
0.482367 0.814885 1.577459
0.010946 0.351792 0.007771
0.702807 0.448219 1.659763
0.283374 0.338597 0.213232
0.562262 0.524047 0.980556
0.586850 0.257724 1.699172
0.220145 0.231482 0.066437
0.219444 0.171664 0.045868
0.253406 0.010392 0.020941
0.828796 0.136750 1.931038
0.316769 0.111975 0.121887
0.560639 0.645795 0.871637
0.189744 0.517581 0.207377
0.936440 0.930191 1.649232
0.023161 0.840921 0.241227
0.948669 0.170485 1.846698
0.968120 0.223003 1.948955
0.738830 0.340896 2.153545
0.607193 0.120098 1.647784
0.801650 0.851993 1.847479
0.926829 0.514824 1.528085
0.367362 0.531222 0.581289
0.032426 0.284087 0.006609
0.338835 0.529906 0.521237
0.108271 0.018434 0.002257
0.894579 0.657620 1.647876
0.651776 0.962687 1.217238
0.072802 0.621961 0.166937
0.204355 0.051396 0.014254
0.546208 0.965318 1.207111
0.446380 0.631279 0.921852
0.471614 0.096582 0.674499
0.298991 0.278843 0.210524
0.027754 0.428627 0.017964
0.276385 0.964868 1.376983
0.389423 0.790770 1.807285
0.532877 0.200454 1.332601
0.089211 0.127729 0.004636
0.061639 0.489985 0.046934
0.229803 0.137485 0.042120
0.258344 0.200513 0.092535
0.232163 0.692937 0.923877
0.507158 0.125290 0.994002
0.393322 0.709962 1.374836
0.308858 0.225327 0.194542
0.927956 0.416522 1.815959
0.366690 0.700895 1.328887
0.797386 0.000355 1.231503
0.398079 0.744090 1.568592
0.586550 0.130783 1.561594
0.545346 0.449659 1.141706
0.768179 0.751245 1.539129
0.202937 0.900741 1.199368
0.600654 0.584031 0.912355
0.428220 0.260109 0.694863
0.212524 0.462482 0.174137
0.939119 0.412924 1.798532
0.209303 0.973690 0.996305
0.393143 0.951449 1.643498
0.628969 0.430666 1.520504
0.817336 0.856590 1.893860
0.272344 0.137890 0.077528
0.404436 0.452300 0.617415
0.498109 0.539350 0.825340
0.544661 0.030642 0.865807
0.550533 0.601313 0.847180
0.175916 0.510402 0.176065
0.355658 0.998366 1.354464
0.410264 0.365544 0.646967
0.378825 0.269960 0.460400
0.563942 0.907871 1.318179
0.201146 0.283852 0.068538
0.487104 0.330712 1.052921
0.447093 0.585326 0.794009
0.316035 0.528175 0.470648
0.861040 0.328915 2.230131
0.267851 0.345493 0.186038
0.940298 0.608528 1.543224
0.798315 0.101718 1.813427
0.247804 0.971894 1.207605
0.126992 0.430154 0.062197
0.296246 0.304154 0.220855
0.456667 0.635787 0.930525
0.823683 0.724121 1.682534
0.416554 0.978597 1.449790
0.192389 0.764002 1.014012
0.287791 0.002301 0.033126
0.335074 0.855638 1.931732
0.176927 0.149241 0.021156
0.526437 0.471783 1.015627
0.660190 0.111499 1.840281
0.615060 0.453811 1.379850
0.382863 0.711858 1.394211
0.063114 0.920675 0.357696
0.108443 0.658674 0.312012
0.081967 0.451308 0.043269
0.495686 0.017296 0.541706
0.557720 0.925790 1.298237
0.199859 0.417844 0.123601
0.699576 0.564379 1.156188
0.340542 0.165477 0.221107
0.682990 0.335782 2.020248
0.341829 0.941378 1.696710
0.235095 0.821172 1.444262
0.055257 0.485830 0.041878
0.725446 0.454796 1.676693
0.513368 0.107329 0.982239
0.766311 0.620686 1.254757
0.926234 0.308979 2.125092
0.221691 0.307681 0.098037
0.096095 0.857785 0.545592
0.195938 0.223926 0.046104
0.207110 0.182323 0.041368
0.872520 0.820141 2.014096
0.617107 0.727858 1.023465
0.601917 0.878443 1.295702
0.254823 0.588988 0.521359
0.182674 0.683313 0.660096
0.020142 0.796939 0.219259
0.839792 0.989260 1.459411
0.807783 0.367751 2.152062
0.278832 0.030926 0.037703
0.998133 0.960465 1.245779
0.958205 0.266148 2.038148
0.036491 0.926372 0.259575
0.173404 0.012741 0.006039
0.697287 0.152561 2.045377
0.723506 0.827258 1.519179
0.511205 0.656341 0.932446
0.789526 0.390604 2.059441
0.074849 0.455189 0.040982
0.222101 0.392905 0.138032
0.596715 0.802033 1.211579
0.702274 0.776879 1.332036
0.266098 0.525681 0.362694
0.736169 0.501642 1.471869
0.455768 0.265881 0.860268
0.152122 0.133281 0.012866
0.437452 0.929829 1.654226
0.453087 0.092639 0.557414
0.624736 0.294028 1.863635
0.724970 0.589244 1.161430
0.311519 0.657109 0.987675
0.063236 0.983964 0.285555
0.181018 0.449143 0.121946
0.459264 0.353799 0.888075
0.425057 0.246578 0.665498
0.891534 0.971768 1.520676
0.169743 0.396402 0.081463
0.797041 0.573102 1.362527
0.449980 0.520583 0.739296
0.815266 0.965154 1.574222
0.103560 0.595188 0.185079
0.481342 0.305567 1.026508
0.627818 0.542817 1.066088
0.152007 0.170163 0.017152
0.286748 0.083176 0.065299
0.342657 0.311113 0.355241
0.810847 0.174494 2.106227
0.742981 0.486986 1.552152
0.868252 0.693414 1.714081
0.780112 0.548417 1.379118
0.261112 0.043799 0.032186
0.393782 0.241452 0.500660
0.004252 0.122363 0.001095
0.804324 0.077170 1.674620
0.566138 0.150456 1.481406
0.030030 0.124308 0.001722
0.092412 0.562117 0.125148
0.750427 0.489301 1.553943
0.837772 0.762909 1.846846
0.183302 0.494218 0.166492
0.670816 0.551566 1.130679
0.062764 0.638017 0.168729
0.599456 0.607708 0.881212
0.361837 0.661553 1.085074
0.161634 0.509417 0.154860
0.964981 0.315265 1.981971
0.941847 0.566241 1.486204
0.742965 0.028241 1.481943
0.416139 0.220436 0.589271
0.712597 0.804340 1.434988
0.309455 0.991802 1.325154
0.204772 0.337856 0.091750
0.340459 0.543001 0.554117
0.605469 0.618323 0.880734
0.042560 0.023231 0.000804
0.153896 0.090132 0.009178
0.938989 0.861803 1.915922
0.119876 0.705080 0.457310
0.274304 0.578194 0.527892
0.318393 0.402970 0.335489
0.586236 0.843370 1.290612
0.589993 0.602869 0.875386
0.139527 0.539237 0.162086
0.733367 0.285373 2.226481
0.675112 0.834665 1.358950
0.258159 0.703199 1.090359
0.910491 0.755366 1.957847
0.715618 0.503392 1.422988
0.318043 0.458467 0.373359
0.951509 0.849542 1.911900
0.550357 0.038720 0.939416
0.062934 0.955771 0.320607
0.586124 0.536765 0.997025
0.505058 0.207909 1.142440
0.860309 0.639122 1.539164
0.008777 0.973627 0.155536
0.952603 0.066110 1.299625
0.903259 0.437392 1.791715
0.178434 0.489510 0.154601
0.203924 0.964163 1.006104
0.424458 0.088466 0.406381
0.229749 0.285607 0.097957
0.482615 0.590311 0.817572
0.120922 0.711610 0.477343
0.172202 0.511171 0.171713
0.338018 0.370826 0.375019
0.373471 0.602113 0.794910
0.911549 0.833695 2.014932
0.962024 0.585026 1.485300
0.891100 0.881280 1.937079
0.943502 0.873769 1.868527
0.561446 0.257847 1.546611
0.207460 0.571227 0.352251
0.900112 0.609119 1.536982
0.600700 0.903613 1.283161
0.673827 0.632888 0.989271
0.496681 0.965885 1.318883
0.300326 0.574453 0.570576
0.730511 0.017441 1.418821
0.135033 0.961178 0.629222
0.050297 0.457257 0.030750
0.900728 0.524972 1.532784
0.307408 0.205222 0.175996
0.310426 0.436881 0.337085
0.784825 0.433106 1.867466
0.645902 0.938202 1.265250
0.947276 0.710176 1.828400
0.827416 0.172901 2.083856
0.053148 0.620833 0.132835
0.962437 0.312795 1.995599
0.324767 0.680647 1.157024
0.021303 0.997757 0.162647
0.986241 0.310846 1.900182
0.172002 0.361870 0.070338
0.179352 0.137417 0.020029
0.864385 0.782023 1.959832
0.045960 0.678197 0.182754
0.896701 0.244103 2.189805
0.629355 0.935138 1.249409
0.190797 0.032855 0.009687
0.955411 0.230259 2.007348
0.287491 0.214475 0.143682
0.375232 0.815843 1.904057
0.385419 0.403830 0.549004
0.367225 0.760024 1.681976
0.629595 0.553787 1.035093
0.329349 0.291353 0.299311
0.380395 0.859690 1.948819
0.896351 0.722659 1.858719
0.630730 0.290092 1.895824
0.893852 0.207606 2.110567
0.094901 0.080576 0.003320
0.626143 0.552810 1.031012
0.191728 0.791459 1.088365
0.907659 0.689614 1.763881
0.236653 0.789428 1.376530
0.157137 0.356045 0.057388
0.120562 0.014366 0.002641
0.822015 0.593105 1.401538
0.134652 0.818496 0.755332
0.801946 0.272649 2.301797
0.090016 0.036168 0.002004
0.685575 0.109063 1.888754
0.518125 0.441632 1.054489
0.762529 0.725942 1.440243
0.744002 0.928625 1.548126
0.877325 0.817864 2.018713
0.338252 0.745865 1.584210
0.779823 0.325562 2.245909
0.058757 0.678170 0.211673
0.547519 0.679562 0.943993
0.267784 0.472169 0.278883
0.514346 0.058980 0.809301
0.779317 0.818693 1.742544
0.246949 0.017658 0.020295
0.791164 0.120089 1.911362
0.065881 0.824631 0.392878
0.890756 0.507774 1.573358
0.348163 0.394877 0.418213
0.475235 0.478969 0.834026
0.002897 0.146300 0.001330
0.379449 0.627480 0.911691
0.584082 0.990971 1.079658
0.999262 0.017595 0.932705
0.399063 0.897169 1.863454
0.514096 0.264305 1.237237
0.296111 0.087993 0.077526
0.027320 0.517762 0.039405
0.865258 0.775378 1.948455
0.265499 0.426888 0.231533
0.050151 0.800656 0.317508
0.932902 0.033543 1.152221
0.725458 0.201196 2.174466
0.761730 0.210837 2.216646
0.121631 0.436935 0.061357
0.732218 0.924009 1.521402
0.399102 0.057622 0.252313
0.867076 0.412860 1.946054
0.558815 0.396999 1.339959
0.452297 0.957297 1.485961
0.666648 0.980633 1.191457
0.737878 0.512459 1.427480
0.584614 0.706383 0.973405
0.386776 0.319184 0.528859
0.431186 0.939444 1.629993
0.072857 0.132757 0.003735
0.181436 0.362820 0.078701
0.626017 0.464471 1.371321
0.777729 0.130162 1.971520
0.583280 0.871147 1.310866
0.622057 0.332335 1.789536
0.619372 0.446979 1.421900
0.682017 0.597141 1.041210
0.702346 0.868787 1.473081
0.728915 0.737802 1.331990
0.176811 0.214872 0.033517
0.928539 0.430317 1.764316
0.633327 0.771049 1.145508
0.147928 0.088404 0.008237
0.288126 0.968523 1.402827
0.014595 0.568365 0.053143
0.697957 0.553050 1.187122
0.653021 0.339351 1.905315
0.705001 0.938556 1.404266
0.844888 0.354160 2.184380
0.682739 0.701829 1.081961
0.088550 0.831214 0.501452
0.172874 0.999974 0.700340
0.828982 0.467026 1.730265
0.262628 0.396661 0.205539
0.204373 0.040505 0.012896
0.536038 0.560718 0.861799
0.025312 0.496730 0.031608
0.078593 0.855628 0.457330
0.049456 0.177582 0.003772
0.457707 0.606439 0.843285
0.116269 0.799173 0.624000
0.744711 0.157778 2.088556
0.262885 0.144641 0.070895
0.735082 0.429638 1.816727
0.459882 0.541947 0.760642
0.080739 0.937288 0.412560
0.886375 0.675314 1.690582
0.792934 0.723050 1.559963
0.930759 0.704673 1.820593
0.633529 0.323962 1.856802
0.368818 0.165184 0.308381
0.397340 0.486190 0.601888
0.333430 0.943227 1.673689
0.132311 0.553399 0.171010
0.061059 0.619457 0.143821
0.620111 0.322279 1.799453
0.256011 0.505847 0.304742
0.168543 0.280472 0.044460
0.408553 0.630694 0.933215
0.378851 0.186065 0.372083
0.502626 0.703050 1.103925
0.247289 0.847142 1.550405
0.590480 0.885567 1.301158
0.865663 0.038090 1.318292
0.140741 0.293908 0.033305
0.249041 0.680506 0.929696
0.722032 0.927194 1.481869
0.598739 0.193787 1.755784
0.686508 0.934695 1.360860
0.332057 0.947191 1.649745
0.234511 0.937217 1.294242
0.841250 0.999142 1.401971
0.000023 0.642080 0.080230
0.618086 0.378007 1.660434
0.934967 0.101699 1.541564
0.199837 0.546630 0.277600
0.750363 0.553636 1.303545
0.211555 0.839736 1.304816
0.492498 0.989624 1.217604
0.886068 0.691322 1.742222
0.291570 0.153258 0.110783
0.477329 0.670536 1.032277
0.295287 0.477757 0.342160
0.948532 0.411108 1.776950
0.319501 0.780577 1.725155
0.661454 0.339207 1.937653
0.285002 0.865783 1.758969
0.249141 0.007402 0.019017
0.668110 0.804331 1.287122
0.130363 0.543248 0.154240
0.146674 0.940037 0.744561
0.531243 0.664238 0.927013
0.747185 0.292576 2.245683
0.521933 0.605942 0.840145
0.178255 0.158093 0.023057
0.686280 0.163829 2.052602
0.891129 0.803938 2.022759
0.307360 0.841626 1.852035
0.019654 0.251693 0.004241
0.971271 0.334404 1.921416
0.714466 0.884035 1.513513
0.229556 0.134259 0.041016
0.880773 0.783059 1.988747
0.836087 0.061601 1.521380
0.342725 0.552015 0.581531
0.954158 0.955994 1.449574
0.642230 0.548639 1.077781
0.672487 0.204211 2.076541
0.620148 0.981949 1.120373
0.221334 0.117142 0.032030
0.038840 0.392288 0.015758
0.019424 0.651421 0.110660
0.190441 0.703513 0.775935
0.918147 0.679487 1.737939
0.193229 0.639601 0.534154
0.936036 0.576772 1.497992
0.603526 0.883885 1.294327
0.531849 0.579542 0.841872
0.520583 0.827409 1.444065
0.613265 0.348900 1.714041
0.758205 0.356484 2.145124
0.083610 0.143836 0.004878
0.426487 0.161071 0.559262
0.109738 0.169330 0.009039
0.702969 0.871523 1.475563
0.995957 0.459075 1.482276
0.516707 0.559844 0.837726
0.245756 0.085570 0.036128
0.949332 0.534014 1.478090
0.127679 0.299474 0.028910
0.841083 0.343844 2.215250
0.721688 0.590342 1.151121
0.563106 0.612306 0.851869
0.867242 0.041273 1.333856
0.356758 0.518438 0.537294
0.421391 0.094445 0.405327
0.810040 0.594705 1.374352
0.512160 0.799974 1.418799
0.663035 0.593643 1.004909
0.749510 0.147412 2.055592
0.519915 0.233761 1.267997
0.360992 0.084607 0.185488
0.953815 0.770134 1.946773
0.223910 0.851931 1.396010
0.130402 0.256940 0.023066
0.112550 0.307162 0.024687
0.711814 0.471310 1.567557
0.178415 0.239186 0.039897
0.769855 0.745262 1.528958
0.087764 0.803589 0.479335
0.966491 0.153508 1.723037
0.226516 0.025097 0.015800
0.862885 0.663365 1.607749
0.715907 0.717034 1.226096
0.575732 0.609989 0.859181
0.378073 0.765152 1.703983
0.505860 0.292342 1.181285
0.598426 0.803211 1.212952
0.344603 0.827611 1.922557
0.486850 0.468358 0.886978
0.429728 0.413976 0.721328
0.369044 0.984082 1.456118
0.323134 0.912144 1.793560
0.272723 0.966083 1.354658
0.103988 0.213666 0.011668
0.910023 0.581930 1.507262
0.510216 0.062310 0.796877
0.663928 0.870626 1.359744
0.417871 0.919210 1.749894
0.085547 0.476538 0.055346
0.073849 0.760053 0.370150
0.327739 0.943928 1.658872
0.062037 0.492732 0.048312
0.564024 0.377483 1.411037
0.702432 0.084980 1.803830
0.379321 0.478600 0.548964
0.977756 0.542885 1.428911
0.339474 0.778478 1.755957
0.299223 0.405742 0.288864
0.325033 0.332437 0.314122
0.174090 0.118152 0.015874
0.572562 0.571654 0.894529
0.444612 0.368345 0.807928
0.220329 0.628564 0.580454
0.257920 0.671372 0.913820
0.951105 0.085196 1.411802
0.138708 0.619164 0.307841
0.117076 0.282109 0.022496
0.956045 0.734738 1.881328
0.647914 0.085810 1.691505
0.348029 0.887037 1.913247
0.253741 0.089827 0.042121
0.280503 0.324181 0.198834
0.713504 0.929257 1.450723
0.458796 0.965010 1.429170
0.230263 0.737269 1.131330
0.633735 0.599285 0.939202
0.939641 0.281129 2.103549
0.385110 0.070081 0.230155
0.234531 0.052425 0.023023
0.874070 0.430742 1.862693
0.978653 0.355908 1.839715
0.952912 0.970207 1.371076
0.732228 0.946359 1.463878
0.420059 0.372817 0.690857
0.435290 0.865469 1.815667
0.626872 0.136532 1.797305
0.483117 0.500310 0.831465
0.912029 0.987263 1.386648
0.634066 0.620110 0.917480
0.576216 0.410682 1.381782
0.259386 0.961389 1.318527
0.310425 0.974983 1.435530
0.236221 0.869867 1.472785
0.409475 0.971081 1.507040
0.239125 0.556534 0.382178
0.554072 0.134159 1.355465
0.431197 0.986249 1.376148
0.034436 0.860818 0.277953
0.376598 0.548901 0.633960
0.354347 0.423938 0.449827
0.786587 0.988875 1.419441
0.984494 0.574835 1.437807
0.333574 0.371721 0.361864
0.629025 0.419311 1.564855
0.963162 0.567239 1.463837
0.771964 0.143881 2.030351
0.650948 0.899931 1.326074
0.412262 0.195425 0.537109
0.334192 0.002809 0.067275
0.536737 0.668242 0.929890
0.474454 0.952022 1.444785
0.424799 0.013211 0.249457
0.625147 0.528549 1.109624
0.499041 0.859076 1.558644
0.383535 0.535685 0.620533
0.313822 0.595320 0.678140
0.357305 0.766973 1.716672
0.223281 0.327174 0.108253
0.961698 0.077284 1.342607
0.660694 0.650125 0.961863
0.467097 0.871170 1.689114
0.016092 0.929127 0.200100
0.662990 0.346685 1.925417
0.716293 0.551073 1.235333
0.319844 0.997930 1.308570
0.156507 0.950440 0.775443
0.936073 0.284703 2.114121
0.076539 0.249872 0.010091
0.972707 0.302840 1.967572
0.672049 0.311681 2.029979
0.389424 0.103006 0.294320
0.415471 0.777319 1.698836
0.150004 0.842438 0.872042
0.192346 0.844986 1.170429
0.117044 0.759640 0.564766
0.754300 0.931601 1.571869
0.002791 0.572574 0.047159
0.115099 0.043597 0.003231
0.725434 0.088208 1.826940
0.785771 0.526557 1.455817
0.990122 0.610984 1.490824
0.304874 0.306553 0.243024
0.759892 0.077015 1.746399
0.308759 0.489435 0.386913
0.680584 0.869627 1.403457
0.304834 0.807602 1.779211
0.129598 0.316809 0.032823
0.854981 0.788210 1.950677
0.306008 0.115257 0.107314
0.897303 0.447537 1.762786
0.758928 0.297103 2.259532
0.323976 0.664071 1.053753
0.244075 0.514416 0.297238
0.552494 0.648863 0.878926
0.389940 0.636693 0.960364
0.743264 0.448180 1.741734
0.453923 0.498056 0.755054
0.529702 0.001576 0.646435
0.349577 0.519357 0.523475
0.038190 0.031124 0.000809
0.177023 0.381639 0.081938
0.207233 0.026388 0.011802
0.313738 0.017615 0.056843
0.582764 0.162485 1.615983
0.608976 0.761204 1.107217
0.098412 0.189007 0.008890
0.429881 0.755669 1.559339
0.471137 0.400221 0.914158
0.981612 0.759001 1.865085
0.758030 0.157652 2.085412
0.997835 0.131956 1.528185
0.087280 0.446451 0.044373
0.626273 0.083618 1.593974
0.001359 0.392770 0.009202
0.077667 0.218509 0.008140
0.756436 0.494602 1.539312
0.660769 0.878956 1.353565
0.160854 0.554099 0.219659
0.528390 0.844434 1.436302
0.952727 0.147595 1.735185
0.555636 0.531287 0.947982
0.739100 0.205868 2.194592
0.420649 0.804962 1.786817
0.430844 0.899311 1.777242
0.914032 0.475886 1.638292
0.897857 0.742386 1.917858
0.454939 0.627558 0.904129
0.028681 0.161054 0.002335
0.800963 0.020424 1.349742
0.423769 0.763563 1.614334
0.729978 0.058864 1.672545
0.491715 0.393941 1.020096
0.074847 0.132593 0.003850
0.331683 0.670299 1.104717
0.195173 0.217924 0.043990
0.215168 0.489305 0.207964
0.679175 0.730127 1.135992
0.797897 0.087971 1.744237
0.195663 0.166936 0.031656
0.792366 0.797073 1.759857
0.260421 0.766027 1.423519
0.804462 0.686033 1.494347
0.297441 0.331250 0.240503
0.195399 0.254458 0.054602
0.214728 0.487596 0.205096
0.301256 0.368479 0.271669
0.633019 0.148410 1.855090
0.422298 0.278579 0.676131
0.191587 0.205933 0.038839
0.344066 0.787361 1.800644
0.879816 0.944809 1.685111
0.402129 0.571274 0.723733
0.061569 0.981644 0.283432
0.073223 0.310986 0.014622
0.804022 0.991768 1.426727
0.077761 0.053401 0.001943
0.445580 0.389495 0.803051
0.994445 0.095646 1.359409
0.542276 0.712873 1.046875
0.501244 0.600745 0.833574
0.998777 0.823136 1.786921
0.215333 0.764143 1.157019
0.816950 0.099802 1.770698
0.378251 0.847933 1.950159
0.307590 0.195169 0.168715
0.595144 0.658601 0.885909
0.012885 0.114274 0.001177
0.298233 0.263778 0.198531
0.828043 0.268907 2.298801
0.314180 0.391035 0.317525
0.897299 0.294457 2.213282
0.711493 0.151053 2.057495
0.190759 0.475758 0.156727
0.330543 0.288353 0.300697
0.093369 0.092029 0.003600
0.660489 0.078713 1.696937
0.682112 0.730837 1.146267
0.795003 0.263193 2.295831
0.917507 0.484467 1.608017
0.870529 0.639221 1.559783
0.141850 0.393515 0.058722
0.790044 0.537893 1.426467
0.675739 0.802815 1.304748
0.107781 0.835452 0.606110
0.285598 0.137851 0.093204
0.705061 0.008397 1.351990
0.014170 0.892975 0.210307
0.943373 0.988896 1.290126
0.217665 0.763335 1.168277
0.871764 0.033496 1.277754
0.230872 0.965969 1.149065
0.674768 0.884266 1.387290
0.007200 0.308346 0.005325
0.913734 0.600432 1.530018
0.279202 0.699329 1.149265
0.821421 0.359435 2.179369
0.162929 0.645599 0.451749
0.542265 0.237138 1.422240
0.294514 0.328717 0.232111
0.101144 0.346571 0.026925
0.810544 0.411898 1.978263
0.381051 0.634017 0.944402
0.432472 0.588141 0.791969
0.023015 0.027450 0.000602
0.592797 0.237151 1.738886
0.006662 0.887582 0.192077
0.346318 0.141129 0.211491
0.703888 0.747397 1.260848
0.392938 0.245094 0.500370
0.694556 0.439661 1.680306
0.155004 0.527821 0.169083
0.136536 0.634115 0.337739
0.855377 0.005268 1.144269
0.739243 0.040121 1.557988
0.930132 0.964078 1.479717
0.900041 0.559938 1.499338
0.165904 0.346814 0.060797
0.373313 0.704727 1.353183
0.686269 0.730670 1.158376
0.792900 0.313704 2.275067
0.629362 0.270983 1.908858
0.409163 0.555825 0.699292
0.852546 0.698032 1.689709
0.821912 0.731244 1.698838
0.490012 0.895119 1.566827
0.076953 0.209642 0.007522
0.510593 0.921218 1.434821
0.388694 0.028343 0.179027
0.460398 0.921803 1.609823
0.104749 0.692890 0.372216
0.010933 0.216925 0.002793
0.090131 0.514005 0.080196
0.705706 0.474126 1.540518
0.380893 0.103316 0.266103
0.698488 0.429615 1.736752
0.566189 0.746025 1.103540
0.083420 0.192491 0.007264
0.025837 0.287635 0.006123
0.941232 0.703395 1.812883
0.768075 0.181011 2.150428
0.988063 0.664238 1.633776
0.611433 0.665533 0.901982
0.289995 0.592062 0.615348
0.439484 0.811241 1.742102
0.420156 0.638754 0.965912
0.749342 0.257697 2.256279
0.749175 0.436352 1.808795
0.030270 0.259102 0.005312
0.472482 0.183156 0.880040
0.444581 0.965844 1.462660
0.433278 0.242220 0.707775
0.466379 0.200664 0.865630
0.036709 0.231676 0.004766
0.199925 0.880080 1.211397
0.596662 0.067320 1.361584
0.093459 0.625582 0.212896
0.314227 0.260824 0.234540
0.369889 0.220048 0.375760
0.777840 0.952890 1.563538
0.416766 0.241315 0.615363
0.062811 0.325923 0.013913
0.246307 0.210444 0.083394
0.068168 0.488722 0.050170
0.661573 0.721780 1.071201
0.142366 0.184217 0.016533
0.874174 0.853923 1.996286
0.663220 0.521352 1.226442
0.336532 0.124858 0.171287
0.309292 0.900789 1.791600
0.034364 0.712151 0.192657
0.407693 0.021595 0.216276
0.779161 0.090081 1.786446
0.280222 0.733288 1.349727
0.626904 0.191046 1.897613
0.543508 0.516905 0.954998
0.133714 0.244104 0.022221
0.223739 0.767100 1.219397
0.950470 0.577514 1.488045
0.625999 0.168892 1.864723
0.239457 0.018276 0.018147
0.499057 0.928917 1.451377
0.107455 0.146979 0.007270
0.720895 0.453648 1.673167
0.704620 0.035475 1.528616
0.055094 0.036451 0.001132
0.204295 0.090376 0.020006
0.197181 0.718991 0.873347
0.395554 0.866134 1.923880
0.154369 0.396539 0.068828
0.955271 0.341245 1.967836
0.275754 0.602984 0.627826
0.946195 0.415206 1.769871
0.447825 0.985709 1.344085
0.765979 0.494787 1.553207
0.716324 0.929834 1.458215
0.703429 0.640605 1.066655
0.972294 0.595646 1.489196
0.467391 0.230601 0.907124
0.142791 0.758881 0.701334
0.349145 0.795792 1.838974
0.981232 0.749389 1.853513
0.258215 0.135224 0.062402
0.320616 0.277659 0.264116
0.802898 0.511424 1.532576
0.763498 0.704444 1.383429
0.271426 0.914443 1.585345
0.557494 0.383370 1.365640
0.642709 0.127421 1.836649
0.116678 0.569996 0.170227
0.591536 0.098944 1.478442
0.290794 0.479659 0.334962
0.999794 0.550811 1.384496
0.475055 0.951842 1.443723
0.103813 0.184651 0.009327
0.276625 0.540783 0.419514
0.181863 0.159678 0.024595
0.861468 0.443777 1.820290
0.174146 0.694580 0.664208
0.497435 0.398476 1.041633
0.429085 0.815472 1.788890
0.479805 0.035786 0.528140
0.416594 0.704077 1.309992
0.220670 0.541381 0.306918
0.650618 0.027341 1.369521
0.897647 0.728408 1.877682
